{'AAPL': 2.5700232047051905, 'MSFT': 5.048096823273534, 'GOOGL': 2.8231627871256024, 'AMZN': 2.7091981740923843, 'META': 10.683770080216087, 'TSLA': 6.251016122704753, 'JNJ': 1.5213688499042914,
 'V': 2.2653090395578337, 'WMT': 1.532099580839767, 'JPM': 2.1796616287336152, 'PG': 1.5345019210582374, 'NVDA': 2.9020385555811283, 'DIS': 2.1594017881274765, 'MA': 4.843255860072004, 'HD': 4.456445057586201,
  'PYPL': 1.9029800681239064, 'UNH': 7.391323694689711, 'VZ': 1.476060450649708, 'ADBE': 12.55811915452219, 'NFLX': 10.771974257595918, 'INTC': 1.6354373823143393, 'CMCSA': 1.394826016751463,
   'PFE': 1.3474302309577368, 'KO': 1.409870831263043, 'PEP': 1.93582824406793, 'CSCO': 1.3797974077156496, 'T': 1.3009925449874424, 'MRK': 1.663153004057614, 'XOM': 1.6951291368016452, 'ABT': 1.6187514368625764,
    'CVX': 2.0952330801359107, 'MCD': 2.93113081447278, 'NKE': 2.1550402807182607, 'BA': 4.17722662009655, 'ORCL': 2.7232447878384085, 'IBM': 2.5768911048591043, 'MMM': 1.9871447823610455, 'GE': 2.626842474134112,
     'ACN': 5.064825853453505, 'CAT': 5.1298794070348865, 'HON': 1.936563094432885, 'RTX': 1.6594462497467513, 'MDT': 1.5327545939443545, 'LOW': 2.9922678555714293, 'SPG': 2.1995800352755426,
      'TGT': 3.1184260513219555, 'LMT': 5.254547512275444, 'NEE': 1.8404629040716283, 'QCOM': 3.181961955970766, 'SBUX': 1.9168639466388995, 'WBA': 1.3441333233490749, 'COST': 10.367034883054204,
       'GS': 5.235920988267205, 'MS': 1.8334963146293277, 'BAC': 1.4921036115696833, 'C': 1.62835985597546, 'BK': 1.5307624979437278, 'AMGN': 4.71012490103313, 'GILD': 1.597436317758311, 'BMY': 1.3784038939555587,
        'LLY': 13.710979521017467, 'MRNA': 5.03196001232528, 'REGN': 31.568963392197926, 'TMO': 7.361685188606027, 'DHR': 3.397752000536828, 'BDX': 3.178942573518202, 'ISRG': 5.856222047819355,
         'ILMN': 3.45868852061708, 'VRTX': 6.413169061373128}